0.744415, -0.00212934
0.743987, -0.0019873
0.734373, 0.00388439
0.686888, 0.0304205
0.606365, 0.0692015
0.51904, 0.101265
0.412538, 0.124289
0.305758, 0.13028
0.212461, 0.117905
0.0794618, 0.0803919
0.0476577, 0.0438416
0.047192, 0.0172003
0.0647925, -0.00604025
0.0895056, -0.0162618
0.110142, -0.0162424
0.116205, -0.00734905
0.100239, 0.00429432
0.063719, 0.0155196
0.00376643, 0.0242327
-0.0740558, 0.0272248
-0.139956, 0.0235706
-0.183161, 0.00653299
-0.183528, -0.00202736
-0.161266, -0.0107117
-0.125945, -0.0157749
-0.084277, -0.0171105
-0.0418409, -0.0140657
-0.0177555, -0.00818218
-0.0132897, -0.000543229
-0.0739825, 0.0058749
-0.108092, 0.0123987
-0.157627, 0.0164481
-0.221245, 0.0173328
-0.274467, 0.0149638
-0.30351, 0.0106407
-0.327984, 0.00340036
-0.325117, -0.00339482
-0.299969, -0.00917271
-0.251001, -0.0133189
-0.186391, -0.0248625
-0.09986, -0.0187847
-0.041886, -0.0101699
-0.0213126, 0.00148512
-0.0467229, 0.012022
-0.111388, 0.0211528
-0.283781, 0.00564108
-0.308387, 0.0135392
-0.36439, 0.0180483
-0.423472, 0.0183872
-0.449062, 0.0231992
-0.533982, 0.0144287
-0.569083, 0.00490183
-0.564848, -0.00332312
-0.512154, -0.0116518
-0.452172, -0.0151723
-0.365605, -0.0158051
-0.297207, -0.0130292
-0.249562, -0.00732454
-0.286467, -0.0296825
-0.205102, -0.00547916
-0.218521, 0.0153751
-0.308391, 0.0312271
-0.416386, 0.0159976
-0.504515, 0.0318946
-0.622912, 0.0379496
-0.796008, 0.00899534
-0.827064, 0.0127044
-0.872061, 0.010858
-0.905311, 0.00459203
-0.910934, -0.00106041
-0.898234, -0.00689587
-0.792737, -0.0191483
-0.757054, -0.00706801
-0.882097, -0.0453393
-0.784394, -0.0155557
-0.784767, 0.00501633
-0.850955, 0.0195856
-0.980359, -0.0156903
-0.987093, 0.00772103
-1.05492, 0.0191088
-1.08705, 0.0203032
-1.19031, 0.0235355
-1.2884, 0.0192424
-1.36377, 0.0111449
-1.43894, -0.0133789
-1.38306, -0.0102238
-1.24729, 0.0238593
-1.32405, 0.0218973
-1.45484, 0.00286514
-1.4563, 0.0143793
-1.49337, 0.0243005
-1.56167, 0.0311509
-1.66917, 0.0211659
-1.70346, 0.0221377
-1.73942, 0.0174272
-1.72748, 0.0100445
-1.8269, -0.0375821
-1.5361, -0.0386138
-1.33004, -0.039908
-1.09818, -0.0387693
-0.996411, -0.0514295
-0.716566, -0.0362882
-0.528333, -0.017987
-0.492976, 0.00940589
-0.522427, 0.0194617
-0.590653, 0.0266486
-0.696889, 0.0299145
-0.614837, 0.0442532
-0.770917, 0.0346677
-0.885129, 0.019579
-0.916317, 0.00588402
-0.884653, -0.00973062
-0.768586, -0.0249773
-0.766253, -0.0718088
-0.37849, -0.0643939
-0.0911514, -0.0521689
0.123184, -0.0351063
0.154747, -0.0495245
0.339042, -0.0145699
0.356356, 0.0144062
0.250423, 0.0385372
0.0523526, 0.0541305
-0.367867, 0.0247911
-0.472302, 0.0285068
-0.576215, 0.0224309
-0.640773, 0.00886267
-0.639574, -0.00918241
-0.611669, -0.0658788
-0.259298, -0.0719241
0.0205918, -0.0718854
0.350223, -0.0631365
0.573774, -0.0486943
0.889544, -0.0933086
1.12762, -0.0429053
1.15, 0.0135486
1.03044, 0.048301
0.693783, 0.0876057
0.298092, 0.108309
-0.157207, 0.113036
-0.462648, 0.0276211
-0.594411, 0.0429217
-0.757468, 0.0419061
-0.882681, 0.0330409
-0.095103, -0.153908
0.18075, -0.0327233
0.047556, 0.0377301
-0.248601, 0.0697901
-0.854201, -0.230439
-0.533228, -0.0625443
-0.573637, 0.00878774
-0.733507, 0.0491259
-0.925145, -0.185238
-0.807469, -0.0636616
-0.859826, -0.0147273
-0.945791, 0.0029854
-1.03569, -0.00563868
-1.08248, -0.0228529
-1.12037, -0.0408873
-1.05424, -0.146925
-1.01093, -0.101636
-1.01537, -0.0675923
-1.02689, -0.0565612
-1.03923, -0.0507203
-1.20801, -0.0577123
-1.19098, -0.0518597
-1.18111, -0.0408812
-1.1843, -0.0274502
-1.21559, -0.00867969
-1.20374, 0.00159894
-1.26036, 0.00790612
-1.31237, 0.0106202
-1.47165, -0.0397197
-1.38042, -0.0383903
-1.2898, -0.037454
-1.18416, -0.0352746
-1.24691, -0.0481547
-1.1237, -0.0428344
-1.02666, -0.0366255
-0.593511, 0.0604191
-0.778722, 0.0499667
-0.938284, 0.0351888
-1.02556, 0.0188664
-0.997313, 0.0655444
-1.17992, 0.0283753
-1.22087, -0.00333438
-1.16648, -0.0280554
-0.994238, -0.0519728
-0.773504, -0.0637871
-0.52241, -0.0659726
-0.243852, -0.0578215
-0.098802, 0.151041
-0.568188, 0.0857367
-0.768462, 0.0248988
-0.690051, -0.0243836
-0.495875, -0.0508231
-0.249546, -0.0685102
0.0428386, -0.0803786
0.291913, -0.084812
0.394691, 0.0610443
0.412415, -0.0240464
0.55346, -0.062203
0.702539, -0.074977
1.06365, 0.182235
0.896502, 0.104931
0.82535, 0.0519888
0.810998, 0.0205921
0.821524, 0.0465799
0.816546, 0.0267927
0.882882, 0.015646
0.952526, 0.0168851
1.01134, 0.030439
1.01556, 0.0771552
0.986541, 0.0781614
0.987336, 0.0767145
1.00098, 0.0711895
1.01395, 0.0665128
1.00979, 0.0692052
0.989995, 0.0730836
0.96117, 0.0688469
0.947169, 0.0661721
0.933566, 0.0517852
0.936795, 0.0311778
0.960261, 0.0126308
1.10533, 0.0469806
1.08332, 0.0303195
1.07178, 0.0187495
1.06531, 0.0132213
1.05722, 0.0130044
1.0367, 0.0424093
0.937875, 0.03991
0.8511, 0.037313
0.847189, 0.0468773
0.739926, 0.039952
0.649442, 0.0320837
0.541124, 0.0222279
0.488924, 0.013626
0.463024, 0.00850305
0.444614, 0.00544063
0.422735, 0.00465745
0.398071, 0.00617914
0.367262, -0.0135626
0.382519, -0.00223972
0.355524, 0.0107564
0.271458, 0.0237126
0.207341, -0.0322826
0.257037, -3.66075e-05
0.17799, 0.0268775
0.0231116, 0.042325
-0.141899, 0.049133
-0.355168, 0.050809
-0.525935, 0.0473594
-0.759167, -0.106416
-0.541887, -0.0268345
-0.546678, 0.0125181
-0.654007, 0.0389815
-0.78392, 0.0287142
-0.924075, 0.0472035
-1.08044, 0.0501246
-1.21002, 0.0286752
-1.31109, 0.0273774
-1.39807, 0.0143868
-1.45567, -0.0108478
-1.4598, -0.0347359
-1.38957, -0.0764481
-1.32567, -0.0549297
-1.37015, -0.0511701
-1.37192, -0.0298435
-1.41551, -0.00946265
-1.41999, -0.00443546
-1.4831, 0.0127387
-1.67491, -0.0352051
-1.63998, -0.0159674
-1.63388, -0.00758213
-1.70145, -0.055325
-1.57409, -0.0419791
-1.46448, -0.0328212
-1.38623, -0.0267175
-1.33743, -0.00192479
-1.33281, -0.00666276
-1.31281, -0.00845445
-1.33648, -0.0395022
-1.23093, -0.0212344
-1.18805, -0.0119488
-1.1727, 0.0053109
-1.20421, 0.0161239
-1.31686, 0.00194065
-1.31826, 0.00877577
-1.28615, 0.0169038
-1.32476, 0.0105945
-1.32882, 0.00227143
-1.31764, -0.013608
-1.21678, -0.0174065
-1.12796, -0.00867795
-1.06049, -0.00967794
-0.977628, -0.000627028
-0.957439, 0.0064791
-0.96909, 0.0157701
-1.01526, 0.015159
-1.06755, 0.0275727
-1.16332, 0.0357632
-1.30047, 0.0318126
-1.38327, 0.0247935
-1.42351, 0.0135575
-1.39814, -0.00454467
-1.29871, -0.0169812
-1.16949, -0.0346504
-0.97959, -0.0368115
-0.795501, -0.0357715
-0.610953, -0.0308969
-0.473036, -0.0211899
-0.370674, -0.0104213
-0.29016, -0.00994853
-0.262255, 0.00743142
-0.313591, 0.0233103
-0.415729, 0.0326028
-0.584894, 0.0373661
-0.732356, 0.030019
-0.830531, 0.0174244
-0.838225, 0.00614408
-0.814137, -0.00843471
-0.711349, -0.0228532
-0.549275, -0.0346584
-0.369335, -0.036107
-0.179106, -0.0318503
-0.127329, -0.0393622
0.0242728, -0.0224727
0.222673, 0.0182543
0.138057, 0.0304004
-0.0291443, 0.0423327
